
       0       0       0       0       0       0       0       0       0       0       0       0       0       0       0       0       0       0       0       0       0       0       0
       0       0       0       0       0       0       0       0       0       0       0       0       0       0       0       0       0       0       3       3       1       4       0
       0       0       0       0       0       0       0       0       12      0       0       0       0       0       0       0       0       0       12      0       0       0       0
       0       0       0       0       0       12      0       0       0       0       0       0       0       0       0       0       0       0       0       0       0       0       0
       0       0       1       0       212992  0       0       7146825580544   0       0       0       0       0       0       0       0       0       0       0       0       1       0
       245760  0       0       8246337208320   0       0       3       0       0       0       0       0       0       0       0       0       0       0       0       0       0       0
       0       0       0       0       0       0       0       0       0       0       0       0       0       0       0       0       0       0       0       0       0       0       0
       0       0       0       0       0       0       0       0       0       0       0       0       0       0       0       0       0       0       0       0       0       0       0
       1       1       0       4       1       4       0       0       0       0       0       0       0       0       0       16      0       0       0       0       0       0       0
       0       0       16      0       0       0       0       0       0       0       0       0       16      0       0       0       0       0       0       0       0       0       0
       0       0       0       0       0       0       0       0       0       0       0       278528  0       0       9345848836096   0       0       0       0       0       0       0
       0       0       0       0       0       0       0       311296  0       0       10445360463872  0       0       4       0       0       0       0       0       0       0       0
       0       0       0       0       0       0       0       0       0       0       0       0       0       0       0       0       0       0       0       0       0       0       0
       0       0       0       0       0       0       0       0       0       0       0       0       0       0       0       0       0       0       0       0       0       0       0
       0       0       0       0       0       0       0       1       1       1       5       1       4       0       0       0       0       0       0       0       0       0       20
      0       0       0       0       0       0       0       0       0       20      0       0       0       0       0       0       0       0       0       20      0       0       0
0       0       0       0       0       0       0       0       0       0       0       0       0       0       0       0       1       0       344064  0       0       11544872091648  0
       0       0       0       0       0       0       0       0       0       0       0       1       0       376832  0       0       12644383719424  0       0       5       0       0
       0       0       0       0       0       0       0       0       0       0       0       0       0       0       0       0       0       0       0       0       0       0       0
       0       0       0       0       0       0       0       0       0       0       0       0       0       0       0       0       0       0       0       0       0       0       0
       0       0       0       0       0       0       0       0       0       0       0       0       0       1       1       2       6       1       4       0       0       0       0
       0       0       0       0       0       24      0       0       0       0       0       0       0       0       0       24      0       0       0       0       0       0       0
       0       0       24      0       0       0       0       0       0       0       0       0       0       0       0       0       0       0       0       0       0       0       0
       0       409600  0       0       13743895347200  0       0       0       0       0       0       0       0       0       0       0       0       0       0       442368  0       0
       14843406974976  0       0       6       0       0       0       0       0       0       0       0       0       0       0       0       0       0       0       0       0       0
       0       0       0       0       0       0       0       0       0       0       0       0       0       0       0       0       0       0       0       0       0       0       0
       0       0       0       0       0       0       0       0       0       0       0       0       0       0       0       0       0       0       0       0       1       1       3
       7       1       4       0       0       0       0       0       0       0       0       0       28      0       0       0       0       0       0       0       0       0       28
      0       0       0       0       0       0       0       0       0       28      0       0       0       0       0       0       0       0       0       0       0       0       0
0       0       0       0       0       0       1       0       475136  0       0       15942918602752  0       0       0       0       0       0       0       0       0       0       0
       0       1       0       507904  0       0       17042430230528  0       0       7       0       0       0       0       0       0       0       0       0       0       0       0
       0       0       0       0       0       0       0       0       0       0       0       0       0       0       0       0       0       0       0       0       0       0       0
       0       0       0       0       0       0       0       0       0       0       0       0       0       0       0       0       0       0       0       0       0       0       0
       0       0       0       2       2       0       8       1       4       0       0       0       0       0       0       0       0       0       32      0       0       0       0
       0       0       0       0       0       32      0       0       0       0       0       0       0       0       0       32      0       0       0       0       0       0       0
       0       0       0       0       0       0       0       0       0       0       0       0       0       0       16384   0       0       549755813888    0       0       0       0
       0       0       0       0       0       0       0       0       0       0       49152   0       0       1649267441664   0       0       8       0       0       0       0       0
       0       0       0       0       0       0       0       0       0       0       0       0       0       0       0       0       0       0       0       0       0       0       0
